baseline: 0.1
calibration_time: 2018-12-06-22-17-01
gain: 0.949999988079071
k: 27.0
limit: 1.0
radius: 0.0318
trim: -0.07800000160932541
